1 1
2 2
3 3
3 1
1000000 1
10 1
25 55
5 25
25 5
1 100
100 1
200 500
500 700
20 20000
12345 54321
13577 8655
24 44
99999 999999
1000000 1000000
1000000 999999
350833 359956
517895 520667
237077 246603
103555 107748
878626 887606
557841 558698
419612 429002
20887 28147
712056 714620
478627 482411
80849 84428
604815 614655
551977 556001
605775 610540
657248 662795
869531 870110
380592 381604
479014 480923
39594 41530
171282 172860
8073 10000
49253 49653
143944 145349
244010 249164
315123 318863
150925 160681
74712 80558
234380 239245
496613 500582
696784 698131
769522 770236
207688 214974
202887 207547
