1 10
100 200
201 210
900 1000
77468 99322 
144664 6007
611239 505568 
1212 4613 
330601 43916 
168396 815804 
5538 6575 
6717 4923 
3269 9482 
490786 525285 
34786 659442 
614854 280600 
255048 612056 
585301 339672 
525369 79240 
684258 57724 
538773 285791
661771 693508 
984130 552180 
711146 805165 
770329 612248 
945277 304990 
861744 267728 
889441 243869 
75395 884769 
625247 776133 
568414 576557 
945934 938144 
549978 347459 
178947 826772 
589438 166343 
16043 338928 
733959 301651 
11888 554597 
593593 595494 
273649 279518 
799906 642496 
850156 953118 
498538 208796 
581265 693564 
842778 937184 
21019 335625 
3 3 
3 1 
24 44 
696784 698131 
517895 520667 
937501 1000000 
250001 312500 
2 64 
50 257 
1245 43125 
12346 12351 
56 10 
70 10
65286 102931 