1 10
100 200
201 210
900 1000
743221 861589
300927 84618
298848 12813
309700 827451
860357 576854
747004 422652
191036 147713
130029 825415
718747 663360
456529 500412
470102 860997
287283 447168
760537 911900
580097 729375
10893 576290
421640 874200
470552 654494
195094 698315
657201 145616
876282 218674
380959 194292
655992 537648
592648 270806
787350 517848
402993 645478
980035 833712
778604 868248
740095 430226
473272 700498
952603 858010
572848 208943
925473 289949
821685 871397
405062 248170
457910 449355
813622 233350
115874 352243
830951 194599
446696 676967
869865 168802
866865 130230
67240 203858
243079 91475
822070 151747
687930 688891
210061 594334
955118 527545
706954 926802
303314 407730
667173 693298
