1 20
300 600
1005 3007
500000 100
6000 745
8976 2345
666 666
987654 1000000
345 891
1094 5034
67380 28469
987089 125489
894 7629
8402 500000
1 1000000
83276 23457
2673 8365
48541 44845
78546 78456
45584 25339
85963 96385
784512 895623
9152 3526
74853 96458
498623 634859
789 6023
10523 10900
213689 745823
78596 45263
31526 96458
89654 152369
47812 96843
6485 213
123 321
456 654
789 987
685 352
4785 5478
2635 45215
3645 2897
100265 500968
800265 945632
600254 786000
345698 785632
485796 315264
1 80
1 70
1 60
1 50
1 40
10 100000
100 600000
500 1
500 800
