1 10
100 200
201 210
900 1000
15346 87645
500 500
666 555
619452 974408
22826 323674
900000 1000000
796831 608570
44664 4650
26220 48607
17069 14632
20098 20098
391 335
466 294
509 1000
4794 5000
1777 8760
346 1682
33524 3407
3159 3159
12490 34473
62040 156678
10449 77991
481 272
420 270
69 10
30 80
900283 999999
235424 844653
297698 43821
165394 430081
48446 665
37674 3659
1 2
10 50
9465 10354
21267 17882
53844 69413
145497 43210
234904 1000000
538747 850759
925563 856746
314931 402415
96054 156090
317790 196748
375330 500000
8165 17705
23942 46129
44278 17388
53304 10369
1 456
286 1256
9 5
1254 98765
78689 88117
88798 4052
38598 31848
