5 10
7 10
20 123
1245 4312
1234 12351
9932 123
423 123
98785 9853
723 9450
500 1000
1200 2000
300 200000
50 25
6 10
8 10
21 123
12245 4312
12334 12351
99432 123
4233 123
981785 9853
7323 9450
5400 1000
12200 2000
3100 200000
500 25
50 10
76 10
206 123
12456 4312
12346 12351
99326 123
4236 123
987865 9853
7236 9450
5006 1000
12006 2000
3006 200000
506 25
56 10
70 10
205 123
12451 4312
12341 12351
99321 123
4231 123
987851 9853
7231 9450
5001 1000
12001 2000
3001 200000
501 25
55 10
75 10
20 1235
1245 43125
1234 123515
9932 1235
423 1235
98785 98535
723 94505
500 10005
1200 20005
300 200005
50 255
5 107
7 107
20 1237
1245 43127
1234 123517
9932 1237
423 1237
98785 985377
723 94507
500 10007
1200 20007
300 20007
50 257