1 1000000
1000000 1
2 2
1 27
375449 800006
201098 886537
30330 962769
487954 919603
270047 961016
154110 638804
151595 216107
761275 956786
299096 717036
555131 558887
417478 919287
432883 759644
115276 232779
178213 438361
898516 937037
127054 465410
192943 579368
527827 755465
517536 720771
232992 671181
83989 23017
704307 33162
310432 105004
359046 68391
171948 771507
172820 379726
268968 807253
296878 991406
306371 280335
952535 366551
381901 83211
884500 349886
335434 498925
362048 576805
206639 242255
634005 501488
344438 783467
79259 591063
658237 354328
874353 963514
617975 329373
359425 117815
825466 729305
437523 501824
210327 569834
99707 146029
955314 61174
423178 95940
725889 30290
127645 812638
105555 269370
775928 273318
577303 19464
525137 534624
421272 639031
652861 636053
115125 203729
801909 117909
497414 952639
542324 601857
535405 973300
521457 87355
113815 970359
885999 20628
302023 664908
753668 588732
823807 324856
654076 889279
352538 690676
438890 987689
59210 181312
942203 272955
803741 972679
722851 66896
760908 71566
768350 159217