1 10
100 200
201 210
900 1000
991817 108445
933228 459526
720472 277887
664955 33738
473241 77445
353459 482044
441907 717663
475098 58779
903375 216769
719796 30212
183049 170325
379240 45552
43404 944763
466107 11058
793653 215278
757051 23059
527526 103780
427786 48549
495688 624987
173685 472900
692575 359860
920024 871324
904119 645180
910430 434949
121793 111113
647573 385696
761462 328520
500832 668768
971086 164682
899429 969071
192601 778252
486738 690584
690074 272892
456370 466069
249644 182051
484904 745268
412472 613511
374302 463552
214314 569714
291068 750414
757245 280336
605143 182232
960681 53145
326764 758261
176725 878315
554294 139259
378831 326234
97430 66142
824184 935705
645614 830455
302813 766261
903373 837091
363040 971477
780667 29429
791028 684684
295524 719814
783006 257372
271338 181171
858772 213318
323491 357350
77101 265165
477486 353065
52365 473190
520816 279511
578915 444415
840043 50815
346788 505813
675286 869553
826676 726328
429603 229876
964040 756236
804945 498242
330774 636674
57493 317142
266764 994590
1 1000000