1 10
100 200
201 210
900 1000
1 5000
500 1000
636706 646624
646625 676606
676607 678404
678405 708464
708465 736918
736919 773552
773553 787745
787746 802768
802769 865712
865713 886007
886008 999999
669102 383457
642391 369785
338433 518771
364649 437590
982073 549389
236453 235942
384656 785052
27200 490932
674382 311521
354408 530015
129506 48720
800985 910896
823053 896046
534539 530390
819737 64324
470282 148401
59271 91887
55779 96788
41893 56889
75970 90188
65163 83870
45916 49588
40915 58349
87196 90179
7044 86491
19447 61757
45566 54736
60222 74364
63040 66645
90039 93827
14439 18917
1 999999
50 2