1 10
100 200
201 210
900 1000
1 1
5 5
1 9
9 1
0001 10
1    10
1 001
1    001
2 3
1 003
123123 313111
999999 999999
999998 999999
999988 999989
1 2
9 914
413 1342
41234 111110
11111 22222
11 22
333 4444
5555 5556
77777 88888
4444 5555
5555 6666
7777 9999
1111 2222
333 444
322 333
666 999
22211 332331
43241 543521
67454 875851
11114 392831
101010 898989
33 222
444 878
6616 23443
9999 22222
13579 97531
912311 999999
521555 555551
92305 1
341341 1
31341 1
888 1
5151 3
64262 10
134141 222
3134 321
999998 999997
