19169 63748
45826 88160
94887 97004
70375 95436
64754 97653
11090 24267
27947 54786
1237 37461
66038 83928
65792 98780
22681 60922
65249 79781
63265 82797
11080 12680
20961 76313
46974 67189
11598 30520
20765 69462
37802 94024
36335 92202
55848 72867
9212 85004
45568 50678
42068 79343
28942 65220
22801 60471
3111 49608
14670 45393
17822 55833
25744 95944
28500 33092
1159 3837
18124 99043
78906 81773
29412 75528
56626 75735
43035 78895
11498 19746
16238 76629
20945 78338
9785 63217
53432 98973
5705 61089
19157 90031
55540 91920
17893 56265
49106 54885
35273 83736
37254 85576
40092 40861
33503 60870
10663 85403
73002 95306
8958 63029
8049 82093
15615 97495
16933 74234
7037 9782
93 45269
456 37873
58851 82797
73809 80092
50846 75193
583 35950
46777 78553
65326 67536
15230 47648
5657 54296
49859 73651
13095 88717
49779 66853
40267 56822
26887 67755
44971 98638
18189 80598
20297 59051
3604 51808
45186 70139
464 57479
38947 69791
40744 80616
36352 79935
47849 73404
32323 68886
65262 84798
30232 80472
38540 46872
19306 99571
17300 77075
887 8755
18401 91829
1236 91676
6928 50971
24802 62277
35861 38151
25479 70770
46919 95903
37252 77957
43600 51662
5727 79615
