1 10
100 200
201 210
900 1000
100 200
1000 2000
100000 200000
1234 5678
5678 1234
1 1000000
10000 100000
1 1
1000000 1000000
500000 1000000
5000 10000
2500 1
3456 6543
7653 6434
9876 7654
15000 16090
999999 1000000
5432 65453
54322 453243
654334 999945
32345 65433
343 434
434 343
12 13
5654 453
56543 76841
12045 40053
67329 48973
54032 65453
5422 453243
6544 9945
345 654033
43 43004
4340 343
120 130
5654 453
56543 76841
12 4053
67309 4803
9021 47839
321 7654
34521 98765
76453 0867
7654 09863
654 43
534234 765454
95 876
87 64345
6543 1
34356 764
77 43
8754 75434
324556 8764
1000000 888888
888888 666666
666666 444444
444444 222222
111111 123986
103024 1273
32164 754
247 863322
75434 7543
9953 87355