1 10
100 200
201 210
900 1000
900000 1000000
1 1
4254 685038
11111 987654
1 1000000
1000000 1000000
645991 273610
664635 935862
757389 73828
9147 728653
403784 267140
398077 274854
554483 224661
659949 456919
894548 836843
219443 109566
978308 597726
366622 744790
283495 271750
508781 357797
443846 260693
757518 965291
898362 597772
326185 814316
342651 792224
435373 509971
579725 958987
361176 902988
62113 952415
768086 6075
572345 16856
683966 464386
487330 578438
791038 190841
218557 424293
674912 692068
81578 133393
626809 763526
521728 538982
852358 277773
394402 108984
163697 885487
603330 441884
413503 371115
781129 278304
787392 677129
840369 174488
116045 344063
319757 884377
769279 807535
251611 991643
232413 346786
381649 420846
923576 551061
675944 715422
914530 164641
429160 678445
291648 927384
618376 336821
718923 1590
165659 305669
903667 61686
576354 385138
914368 811159
843619 972773
33291 954048
609267 429715
82355 875224
63305 330979
918923 248865
316437 261451
903438 3302
978241 840685
361390 13650
352753 533514
425509 159253
724113 84760
649237 536957
469748 837264
54772 60279
299616 563010
4084 596032
983678 623059
150247 858609
249509 956280
