1 10
100 200
201 210
900 1000
5 5000
1 2000
100 2
400 1000000
91491 19430
1000000 1000000
444504 450000
912 1000
10 10
403 3000
800000 900000
9000 11000
6534 6535
9999 10000
854209 900245
29 450431
667 23
1000000 1
134153 144903
688901 689903
1005 100004
14331 134901
550022 329012
112 1213
44 999999
999999 1000000
798190 810902
653 134
9 10
881818 891919
7000 7001
4529 5690
232 45409
2542 4590
452 4290
898990 989174
4930 2
324893 349300
3439 34893
3438 548920
2458 4
5 10
1199 1232
34893 34
54 1000000
1000000 900000
1349 4
43111 343434
