1 10
100 200
201 210
900 1000
719174 193199
672446 951518
105116 681302
890838 162183
110268 109309
651109 613962
762258 887953
764956 94616
902457 418382
753682 788832
939629 401772
678397 720335
774019 914925
422260 800715
780301 91828
823078 180114
862138 758334
916510 884248
323227 627691
770046 203968
881320 18310
275001 726910
944512 237182
52753 415875
922276 537186
917421 383594
575840 707464
391249 464156
65225 73580
817410 102224
221196 898360
231115 316798
247653 738094
470149 668515
522416 369391
249019 656971
201463 860463
413024 91911
278320 403802
125414 247544
886953 7436
38419 361866
338437 371078
706658 470464
800240 59139
324977 853762
210240 752049
303653 731436
407016 364762
718315 360150
