1 10
100 200
201 210
900 1000
10 1
200 100
210 201
1000 900
1 1
1 2
2 1
1 210
210 900
210 1000
2 4
1      10
10   1
1 3
309595 202076
912542 402782
715603 672096
97063 848245
14024 852397
246332 580004
76267 988710
921116 257416
617684 710948
870886 772988
281359 221533
232230 129038
592301 395768
634881 626791
526037 934169
566494 419318
822874 937548
615261 164026
759075 735682
345890 400354
932983 351946
557659 740849
555974 122611
694924 803067
736685 299348
191217 387733
873465 695878
826001 528696
123503 574121
49666 408989
363099 580758
566990 766744
125533 541676
617413 924354
631885 678740
985809 845354
84884 785499
65286 102931
287163 452180
947152 687397
355490 730850
399539 322766
144923 522000
269752 351936
872300 254638
249558 999914
847901 383970
956422 165627
680820 124950
