1 10
100 200
201 210
900 1000
1 1
1 100
500 600
100 1000
501 1000
10000 100000
100000 999999
10 1
100 1
1000 1
10000 1
10 10
1 1
5 5
10000 10000
717488 504575
892780 943399
847085 188201
566043 518454
416193 517456
166381 722116
873270 661444
419888 934238
806806 817781
893061 26457
309128 522525
24171 712772
45563 858578
559978 125973
429142 317368
247835 771528
524465 589149
223270 924961
718932 46035
751294 486332
657010 633445
269514 537464
423037 324820
689198 955570
338624 339040
126389 408993
409706 716646
561676 269460
337867 247665
159522 253425
596472 529436
113524 783304
753349 73380
846996 164022
216744 184808
201726 490423
963512 731477
104109 357245
301811 317929
400854 986700
995693 230572
74248 108581
218714 872476
25892 188024
958829 488890
300369 293754
728182 105954
427770 963515
670475 73094
496545 598673
618639 789006
42727 778972
545057 476392
242124 590623
243510 221761
17906 404543
900468 151273
415996 474314
974567 333797
931138 578980
310354 1150
754201 514505
161605 685336
63280 816298
763751 301379
864968 842009
186090 678246
686317 29289
578947 935166
777343 247503
163709 48628
307518 705096
755739 417500
784460 953789
353440 361242
912723 464707
845970 897942
672837 880583
463915 677050
1 1000000
1 101
901 1001
25959 230469
