1 1
1 10
100 200
201 210
900 1000
1000 900
10 10
25 123456
75 75
15462 89562
1000000 1000000
555555 777777
917106 380764
942073 705857
565105 639732
342840 673962
173604 477962
511190 804767
547221 491375
715440 673756
593641 211186
967861 752271
306527 720383
586145 677277
170506 356754
348192 553054
50334 254022
106891 15320
353881 527546
534024 41240
468568 345865
777133 801418
350118 752806
422780 439046
865756 15097
263070 876698
36445 886639
476387 211478
338241 510976
517288 492727
130989 802525
825930 286123
701272 491910
322871 788575
554984 887412
796593 513412
137149 491983
125483 986661
835219 92003
110096 586686
199873 846068
435157 672931
616902 753327
138020 361919
976851 725058
133799 198213
104437 413724
817066 468302
989725 108426
336699 550551
211367 903195
833267 682886
869531 870351
9686 220730
559237 170599
830458 940983
122519 262373
532690 377895
409166 734881
611943 965358
