1 10
2 20
2 10
15 30
15 15
20 10
20 50
30 50
50 30
87 99
111 222
99 100
98 788
555 888
164 158
123456 123789
151515 123233
888 999
7878 12334
879 1578
99999 199999
8521 9632
148 14789
25879 365478
888888 258889
1569 3578
4878 595959
3465 37849
21548 211588
25825 36936
6457 215414
1515 48484
999999 111111
1 555555
10 12
215 5858
64649 154786
55548 665478
11478 632626
22154 665656
4778 215
326 4545
2525 8878
666 667
9154 37654
5515 88888
31245 67948
9784 546125
36147 258547
6947 361425
89754 88888
12 32
5 9
63 70
99 199
10001 100001
998 10001