1 10
100 200
201 210
900 1000
1 10
1515 5252
300 400
400 500
412 7001
500 400
4679 276116
36369 99999
78979 456845
444 888
1 2
999999 1000000
5 4
39707 789379
378792 182888
789456 654987
456123 321654
3498 6843
1 100000
101 105
258 369
357159 159753
25468 68524
78946 3
121121 3469
1717 23999
987 789
123456 654321
678911 7634
11 111
99 8736
4564 45646
24 46
1 333
388 356756
212356 2365
55 594733
785645 9
78 98
7777 6666
666 555
1 1000000
835 35818
11 22
22 33
346709 907
35 246
348900 78
1101 2201
1 6901
