397781 489134
481703 430750
614959 953795
724978 407278
505915 906043
156563 463735
226925 219794
556755 748029
372044 829601
100032 777302
186827 70859
36619 403292
810190 736451
815127 75294
607602 210767
133435 203941
11057 518834
23781 947329
71419 970734
214958 371127
87926 26237
176902 757745
507561 675546
849634 328538
78093 195607
131393 97456
863065 336037
609258 393662
795537 515788
807617 346117
554268 872446
857454 219670
644024 312822
627001 627411
184916 520746
712012 576164
459888 6487
624540 347657
988477 80098
293814 100933
474616 783495
105994 829312
731742 848228
417570 988005
26388 405760
187264 366051
460963 284210
95953 898786
791643 7905
496493 417887
828783 828528
90655 150450
149815 29613
571098 62194
829456 750728
703810 108449
57392 402683
726990 849958
89384 420611
98474 885237
