1 10
100 200
201 210
900 1000
172499 338785
606039 919166
27537 180891
45934 46894
9 43
1 3000
92927 201561
125206 298763
8924 155068
415492 664696
203222 495637
114200 139949
12762 288608
268549 854238
2767 808749
196533 320239
16589 946799
401 67774
36302 167196
33580 263995
249197 946430
91011 94089
171731 993847
39707 789622
613800 945345
106803 758561
226637 978199
418075 865248
574684 634009
191116 480499
817462 893981
127635 811570
340753 751223
654129 878934
462433 782102
508222 821434
236478 352143
680895 759626
176313 818006
185872 836762
766633 913632
249807 650480
1331 617487
332680 664229
279274 716620
382116 925747
437713 528225
486581 967915
374164 921024
413973 788457
295324 617082
268775 476299
582885 872738
65379 276818
275047 798647
257395 510899
279896 503865
346187 708457
47847 821512
957173 987933
24810 745632
146281 897999
80095 683670
227471 957033
742170 763435
715537 734929
617012 850708
104302 873809
88625 910380
577403 703963
493637 847985
119164 865282
174916 206356
10488 482978
714438 894028
601105 728833
96604 875067
82518 653128
112329 317023
212047 808179
978184 988485
122310 872486
522421 709685
10806 944958
75787 529111
787248 982767
425680 844908
389618 713879
126863 293645
433976 605598
441332 604924
70964 194500
673936 722736
86849 425238
725209 954430
421997 849449
701052 878379
430516 983358
314438 861762