48022 183444
391809 259254
96268 405422
812545 853775
790144 20216
557239 245920
510330 109296
701292 86222
870444 497402
99084 116620
549023 567538
320103 538848
258514 611216
630798 171842
958280 960894
268150 541059
640113 694207
31452 986898
759843 351575
752483 526515
633395 738777
609408 845837
399099 346019
815947 80674
691917 399743
82788 11648
974221 185225
444131 278146
417959 819944
917449 785404
508946 828283
500358 527696
419196 738489
825301 969073
116094 972085
476025 750973
813581 528568
501806 44955
23255 30875
102213 140773
891268 517597
151970 129831
49359 336785
746835 23540
399094 26383
124325 433168
284931 691003
581687 103254
54687 175199
343164 541181
555801 738524
918854 200129
166673 752914
833877 17222
407460 835079
526752 631915
765200 414694
688316 895275
678193 868017
167566 825370
726686 736385
839460 557109
691228 727737
510372 255987
345028 910366
259357 526876
710348 927553
675503 750562
933465 149866
743146 11177
867690 877001
125897 700202
350197 140727
478182 379290
995261 667711
