1 10
100 200
201 210
900 1000
8070 177000
9344 54510
543 43500
165 34264
35450 143000
50 100000
90000 100000
930 7800
785 1000
56789 98765
45499 178999
2234 66777
52080 512655
550 145300
78890 104500
1 1000000
9999 100000
235237 123190
286104 849015
979045 415977
73421 953492
863062 407886
194511 441924
25294 420063
402908 647285
781047 501886
5711 646607
624917 691880
480185 619558
168104 971095
571633 453153
932102 736359
762856 209523
681962 201615
260039 52048
488249 120360
939953 574347
16068 362718
944387 70157
352589 811945
730958 635094
205364 877322
313436 474769
749439 964020
515299 956311
646814 978301
857688 763137
