1 10
100 200
201 210
900 1000
493371 534582
616116 567240
687892 327910
160812 792596
4440 388099
587033 165719
717401 384807
140021 445699
590663 288320
467120 187889
869977 580834
120271 794344
459034 609154
599060 956220
177366 749211
604708 543792
454954 458978
626632 200926
885156 449971
53502 309820
679137 537318
995510 610540
779174 32303
653633 262042
636540 306205
79387 997223
534153 596308
470731 983021
771974 288679
224658 187822
136573 874196
822231 469188
372047 362929
841616 509373
577267 470486
58384 266823
702586 595592
460307 857668
806360 575608
892490 430007
739174 815726
908635 474939
113977 835731
9607 772904
546656 362152
321433 218805
643128 979268
949834 269289
122500 73135
438054 802715
956822 674686
963742 663839
255281 499765
800010 846434
999209 180593
60196 885001
435964 4850
213476 298894
584800 442887
765973 337442
119395 832226
185880 146875
248131 450590
380942 217361
31646 548375
70169 927277
279039 51267
811201 690747
7036 583947
926293 424050
860799 858350
253651 909031
423425 239933
886016 927668
228047 152895
