1 10
100 200
201 210
900 1000
1 1111
12 1670
30304 392928
34984 979795
50 100
1 100459
43553 222222
5 5555
2345 467546
123 456
456 7890
192 583929
55 55567
10 200
6600 56533
300 310
525 525
202000 909000
3656 35463
6457 6543
1 599
2 678
111 112
999998 999999
5 90
23 2323
60 90000
9 9999
9090 90909
42 4242
80 8000
666666 942156
50 100000
1 10000
2 20000
3 30000
4 40000
5 50000
6 60000
7 70000
8 80000
9 90000
10 100000
76543 234570
500 501
1 326
321 89060
209 4304
24 43
21111 90000
9876 12345
67 76
4334 393408
23497 598308
1 1000
7654 9090
57 329
8680 42452
10000 120000
90 909090
4566 6653
250 49762
49622 100000
759 64098
234 909
9876 34090