1 10
100 200
201 210
900 1000
1 1
1 100
100 1
1 1000000
1000000 1
39120 174835
590272 91349
764098 860351
525138 965206
336159 348077
180036 795562
194988 288175
376440 445089
153409 982920
188905 409779
730794 948929
49888 897136
290741 309240
171502 352454
625688 983956
552799 938452
32365 275969
349611 776173
662507 702661
474778 527102
48111 886433
187555 372442
402359 558574
173511 294926
194315 709000
438016 899588
751544 849731
217445 433741
49753 358744
47662 873610
241564 639945
237260 607110
459879 704026
641760 879526
15253 649856
283378 733945
299677 893980
439465 527470
126160 190138
21354 505119
603091 842315
91988 480325
600286 713298
28644 603713
154555 332703
810406 998953
94145 371523
490853 507343
250198 389868
125669 384022
