593929 752310
947735 169376
767411 664675
794734 929376
542872 641080
916170 811391
863444 671975
538367 11216
170311 121157
856799 314377
847528 928285
376918 210823
300657 467782
87320 608029
209892 274482
675943 531965
584627 865820
160772 277260
203622 196958
57917 592070
477895 326639
355262 699793
228354 805604
324920 95301
807382 314396
72022 977561
804751 141898
561881 776878
627711 252363
431837 898769
673233 258258
368301 417392
338910 416249
753488 445581
86613 610452
192064 490154
877592 455462
310056 299029
221435 820362
965295 612035
680374 140499
969916 830114
529373 967571
840453 415868
853871 628846
671205 599861
355536 426618
380059 422722
600719 64983
249078 217679
723091 146797
224867 631038
589757 453297
792129 728429
530053 417955
551523 194653
684970 553988
611256 906586
951373 272437
177551 646362
242554 290002
269946 235280
670750 567177
705409 892221
643661 598583
444221 11131
304249 674205
994852 981578
47146 376997
382383 701727
214090 269391
565216 281600
715084 461287
261 779413
996588 290333
888368 576284
507122 66447
375121 122178
568060 640911
427132 336118
895641 101440
597584 918415
940832 979102
951870 651193
374949 823804
158824 751964
762572 578658
619049 621846
567616 853899
850447 767946
40204 310346
51659 652267
715620 295664
699307 446262
564471 70906
65200 973935
100780 391810
459572 827098
961142 821337
601910 571061
145381 394421
650947 689152
818445 648729
48636 706481
632207 922560
15929 661936
906806 352319
811547 989284
576415 681766
113092 237075
654637 532326
268628 348289
143056 75101
453569 267277
405135 58282
586915 230030
313619 376204
234616 878763
709787 211710
719698 36217
457399 942202
765713 894313
122316 738862
298099 998651
924931 768792
403483 543369
440281 576018
539093 913218
435045 883293
147369 515043
207507 32531
867126 168289
506327 23549
732076 682721
772008 995268
348188 201415
473141 656202
871384 536930
137594 375161
755429 182359
925416 732138
40809 287644
133149 514919
414637 587752
268374 238556
689425 282912
977911 399563
162901 406130
13068 278998
180987 32788
255011 797044
450747 844422
171032 317679
96370 107656
894058 782895
19417 703550
857215 542675
104133 583473
339535 978558
552015 733324
871043 287338
797662 568831
785254 927483
90481 817015
522904 247440
716410 880955
789212 263184
397256 897451
970046 14875
964069 938680
241990 964891
938640 850417
288523 502464
617520 793169
711083 371376
863054 795442
599057 809918
250129 366620
299501 375076
587966 203092
462903 124011
457787 47085
22714 906424
296572 390437
60280 846245
842894 39935
640898 389210
606627 195456
848999 553575
783275 168985
789087 145082
395451 182034
565870 188523
890975 843494
787166 324292
7299 130676
94774 470554
705453 622604
908249 45972
655804 940833
