1 10
100 200
201 210
900 1000
1 1
1 2
3 1
4 6
6 8
7 9
10 20
20 26
27 50
53 72
72 97
98 128
130 170
171 230
231 311
315 615
600 700
700 800
800 1100
1100 2200
2200 2400
2000 3000
3000 6000
6000 10000
10000 12000
13000 16000
16001 16999
17001 19999
20000 24999
25000 30000
30000 34999
35000 45678
50000 75000
75757 101010
100100 131313
141414 151515
160160 210210
215500 216367
216367 230230
230032 410014
511511 515515
606060 666666
696969 800800
808808 909909
998999 999999
999999 1
1 1000000
281 512
936 512
936 689
123456 654321
135790 246800
1000000 1000000