1 10
100 200
201 210
900 1000
876596 880891
840488 840694
59428 62392
295242 295348
742729 747132
841157 841450
844280 844583
483478 483505
967924 968351
386658 386813
737885 737897
97233 108499
849293 849386
25835 100520
553318 553393
859041 859119
415440 418302
217510 224487
214990 216657
790655 791839
803647 803791
858051 858184
826646 827313
856010 856253
292473 301060
385293 385299
771029 771148
967455 968342
481987 483303
268098 268232
226089 226335
246287 248827
340632 358031
188694 190840
958707 958734
206058 207142
570487 573831
329845 338746
416747 417055
44826 87860
134957 138131
941733 944234
397203 397895
786143 786379
136546 137088
390785 392953
553841 557939
497930 498556
406813 407526
30870 58580
216867 226194
356150 357120
682454 683111
180647 184240
102800 104636
205489 205499
546823 550603
550775 551438
443068 446189
175385 183002
672034 678103
584997 587553
162695 164272
768008 769499
488870 490576
601653 602338
136579 136579
